5 0.402000 0.221226 0.428000 0.225710 0.413000 0.366218 0.395000 0.364723
5 0.670000 0.358744 0.689000 0.357250 0.708000 0.219731 0.679000 0.218236
5 0.742000 0.618834 0.779000 0.620329 0.841000 0.762332 0.800000 0.763827
5 0.499000 0.651719 0.519000 0.650224 0.513000 0.765321 0.488000 0.766816
2 0.402000 0.418535 0.460000 0.412556 0.456000 0.360239 0.401000 0.364723
2 0.617000 0.406577 0.692000 0.408072 0.653000 0.318386 0.609000 0.331839
3 0.455000 0.527653 0.486000 0.527653 0.470000 0.411061 0.431000 0.409567
3 0.635000 0.442451 0.724000 0.443946 0.730000 0.391629 0.628000 0.399103
4 0.461000 0.648729 0.538000 0.645740 0.530000 0.557549 0.454000 0.551570
4 0.694000 0.609865 0.806000 0.606876 0.803000 0.445441 0.690000 0.442451
