1 0.498046875 0.5107421875 0.9951171875 0.96875
1 0.08984375 0.5859375 0.138671875 0.212890625
1 0.17578125 0.5625 0.125 0.236328125
1 0.2783203125 0.5146484375 0.16015625 0.3095703125
1 0.3798828125 0.5341796875 0.140625 0.2548828125
1 0.4287109375 0.453125 0.12109375 0.2138671875
1 0.54296875 0.458984375 0.099609375 0.2177734375
1 0.619140625 0.439453125 0.103515625 0.234375
1 0.6884765625 0.4091796875 0.1240234375 0.2685546875
1 0.767578125 0.37109375 0.1083984375 0.203125
1 0.8544921875 0.357421875 0.154296875 0.3134765625