1 0.5615234375 0.529296875 0.7265625 0.763671875
1 0.28515625 0.482421875 0.083984375 0.171875
1 0.3583984375 0.3828125 0.0751953125 0.134765625
1 0.39453125 0.3994140625 0.0595703125 0.1572265625
1 0.4384765625 0.4208984375 0.0673828125 0.1484375
1 0.494140625 0.37109375 0.0634765625 0.1875
1 0.416015625 0.5029296875 0.0859375 0.1484375
1 0.4970703125 0.525390625 0.0576171875 0.130859375
1 0.56640625 0.45703125 0.06640625 0.1591796875
1 0.5419921875 0.5546875 0.1337890625 0.15234375
1 0.6318359375 0.50390625 0.095703125 0.15234375
1 0.6923828125 0.54296875 0.1044921875 0.208984375
1 0.51953125 0.6767578125 0.220703125 0.1787109375