1 0.5654296875 0.515625 0.869140625 0.8984375
1 0.2861328125 0.52734375 0.1171875 0.185546875
1 0.3369140625 0.4150390625 0.1015625 0.146484375
1 0.3759765625 0.423828125 0.091796875 0.166015625
1 0.423828125 0.435546875 0.09765625 0.16015625
1 0.4677734375 0.375 0.1015625 0.197265625
1 0.4189453125 0.5205078125 0.115234375 0.162109375
1 0.501953125 0.525390625 0.083984375 0.140625
1 0.5556640625 0.4443359375 0.09765625 0.169921875
1 0.552734375 0.544921875 0.162109375 0.177734375
1 0.6298828125 0.4765625 0.125 0.16796875
1 0.697265625 0.501953125 0.146484375 0.2265625
1 0.5556640625 0.6689453125 0.25390625 0.220703125