1 0.560546875 0.5126953125 0.87890625 0.916015625
1 0.287109375 0.53515625 0.123046875 0.1875
1 0.333984375 0.4208984375 0.10546875 0.1484375
1 0.373046875 0.427734375 0.095703125 0.166015625
1 0.4208984375 0.4384765625 0.1015625 0.16015625
1 0.462890625 0.3759765625 0.107421875 0.197265625
1 0.4189453125 0.5234375 0.119140625 0.1640625
1 0.5029296875 0.525390625 0.087890625 0.140625
1 0.5537109375 0.4423828125 0.103515625 0.169921875
1 0.5537109375 0.54296875 0.166015625 0.1796875
1 0.62890625 0.4716796875 0.12890625 0.171875
1 0.697265625 0.4951171875 0.15234375 0.228515625
1 0.5615234375 0.6669921875 0.2578125 0.2265625