1 0.5 0.5 1 1
1 0.24609375 0.283203125 0.18359375 0.2265625
1 0.1103515625 0.4775390625 0.166015625 0.181640625
1 0.201171875 0.6396484375 0.18359375 0.244140625
1 0.4208984375 0.6748046875 0.248046875 0.216796875
1 0.6044921875 0.884765625 0.23828125 0.220703125
1 0.3447265625 0.4453125 0.21875 0.18359375
1 0.474609375 0.4970703125 0.2109375 0.162109375
1 0.60546875 0.572265625 0.17578125 0.171875
1 0.6474609375 0.4404296875 0.146484375 0.173828125
1 0.783203125 0.5458984375 0.208984375 0.232421875
1 0.5380859375 0.375 0.19921875 0.169921875
1 0.4169921875 0.173828125 0.21484375 0.232421875