2 0.1328125 0.505859375 0.1767578125 0.22265625
2 0.3046875 0.84765625 0.125 0.19140625
2 0.4951171875 0.876953125 0.185546875 0.2060546875
2 0.37109375 0.7060546875 0.1455078125 0.1552734375
2 0.6416015625 0.6748046875 0.1953125 0.205078125
2 0.4638671875 0.630859375 0.1767578125 0.197265625
2 0.8447265625 0.5302734375 0.154296875 0.20703125
2 0.7041015625 0.4716796875 0.125 0.1416015625
2 0.6083984375 0.46875 0.1572265625 0.1171875
2 0.517578125 0.4267578125 0.1435546875 0.1162109375
2 0.375 0.3974609375 0.142578125 0.1064453125
2 0.4140625 0.3251953125 0.1435546875 0.12109375
2 0.2880859375 0.265625 0.1708984375 0.126953125
2 0.5302734375 0.2890625 0.1240234375 0.1455078125
2 0.673828125 0.2421875 0.1884765625 0.1806640625
2 0.55859375 0.1943359375 0.1162109375 0.1328125
2 0.517578125 0.130859375 0.107421875 0.1220703125
2 0.4775390625 0.1005859375 0.1435546875 0.107421875