2 0.3486328125 0.3935546875 0.2119140625 0.328125
2 0.0966796875 0.5341796875 0.19140625 0.2666015625
2 0.265625 0.693359375 0.1591796875 0.2490234375
2 0.4189453125 0.6376953125 0.1591796875 0.2626953125
2 0.37109375 0.5078125 0.109375 0.2001953125
2 0.6162109375 0.4091796875 0.1767578125 0.1611328125
2 0.5107421875 0.16796875 0.1572265625 0.21875
2 0.79296875 0.4189453125 0.1796875 0.1982421875
2 0.6552734375 0.55078125 0.142578125 0.1865234375
2 0.70703125 0.6748046875 0.1484375 0.1669921875
2 0.6484375 0.8232421875 0.15234375 0.1318359375
2 0.810546875 0.623046875 0.142578125 0.205078125