2 0.3740234375 0.236328125 0.1728515625 0.1787109375
2 0.3876953125 0.380859375 0.2548828125 0.2080078125
2 0.2646484375 0.5556640625 0.19921875 0.2041015625
2 0.275390625 0.7998046875 0.1455078125 0.337890625
2 0.3720703125 0.791015625 0.111328125 0.236328125
2 0.5556640625 0.837890625 0.158203125 0.1728515625
2 0.4267578125 0.4990234375 0.1201171875 0.1708984375
2 0.8388671875 0.81640625 0.1611328125 0.17578125
2 0.89453125 0.7578125 0.1181640625 0.2490234375
2 0.76171875 0.68359375 0.16796875 0.2041015625
2 0.783203125 0.513671875 0.2001953125 0.240234375
2 0.662109375 0.474609375 0.2099609375 0.162109375
2 0.6376953125 0.341796875 0.134765625 0.232421875
2 0.775390625 0.33203125 0.23046875 0.1962890625