2 0.392578125 0.228515625 0.185546875 0.189453125
2 0.396484375 0.373046875 0.26953125 0.224609375
2 0.26171875 0.5390625 0.212890625 0.216796875
2 0.2548828125 0.783203125 0.16796875 0.34765625
2 0.3525390625 0.78125 0.126953125 0.244140625
2 0.5322265625 0.8408203125 0.169921875 0.18359375
2 0.4267578125 0.494140625 0.130859375 0.1796875
2 0.81640625 0.8388671875 0.173828125 0.1875
2 0.8759765625 0.78515625 0.134765625 0.255859375
2 0.748046875 0.701171875 0.181640625 0.21484375
2 0.78125 0.533203125 0.216796875 0.25390625
2 0.6630859375 0.486328125 0.220703125 0.17578125
2 0.6484375 0.3515625 0.150390625 0.2421875
2 0.7861328125 0.3515625 0.244140625 0.2109375