2 0.380859375 0.3583984375 0.2890625 0.37109375
2 0.1142578125 0.4287109375 0.228515625 0.306640625
2 0.2236328125 0.6259765625 0.21875 0.28125
2 0.3857421875 0.6123046875 0.22265625 0.294921875
2 0.373046875 0.474609375 0.158203125 0.22265625
2 0.6357421875 0.4423828125 0.212890625 0.201171875
2 0.5966796875 0.181640625 0.208984375 0.251953125
2 0.8037109375 0.4970703125 0.224609375 0.23828125
2 0.63671875 0.5888671875 0.185546875 0.216796875
2 0.654296875 0.72265625 0.1875 0.19921875
2 0.5595703125 0.8505859375 0.181640625 0.166015625
2 0.7685546875 0.69921875 0.19140625 0.234375