2 0.1328125 0.486328125 0.1875 0.232421875
2 0.287109375 0.8369140625 0.134765625 0.197265625
2 0.4755859375 0.8759765625 0.1953125 0.21484375
2 0.3603515625 0.69921875 0.154296875 0.162109375
2 0.6318359375 0.681640625 0.205078125 0.21484375
2 0.45703125 0.62890625 0.1875 0.20703125
2 0.8427734375 0.5478515625 0.1640625 0.21484375
2 0.705078125 0.482421875 0.1328125 0.1484375
2 0.6103515625 0.474609375 0.1640625 0.125
2 0.521484375 0.427734375 0.150390625 0.123046875
2 0.380859375 0.390625 0.1484375 0.11328125
2 0.4228515625 0.3212890625 0.150390625 0.12890625
2 0.30078125 0.2548828125 0.177734375 0.134765625
2 0.541015625 0.291015625 0.130859375 0.15234375
2 0.6875 0.251953125 0.197265625 0.189453125
2 0.57421875 0.1982421875 0.123046875 0.138671875
2 0.537109375 0.1318359375 0.11328125 0.126953125
2 0.498046875 0.099609375 0.1484375 0.115234375