2 0.3271484375 0.43359375 0.28515625 0.369140625
2 0.12109375 0.630859375 0.2421875 0.3046875
2 0.3193359375 0.744140625 0.21484375 0.279296875
2 0.455078125 0.6533203125 0.21875 0.29296875
2 0.376953125 0.5390625 0.154296875 0.220703125
2 0.5908203125 0.3837890625 0.2109375 0.19921875
2 0.4296875 0.1748046875 0.205078125 0.25
2 0.7646484375 0.3505859375 0.22265625 0.236328125
2 0.6630859375 0.51171875 0.18359375 0.21484375
2 0.7431640625 0.619140625 0.18359375 0.197265625
2 0.72265625 0.77734375 0.1796875 0.1640625
2 0.8310546875 0.5439453125 0.1875 0.234375