2 0.421875 0.21875 0.201171875 0.205078125
2 0.41015625 0.36328125 0.287109375 0.25
2 0.2587890625 0.513671875 0.232421875 0.236328125
2 0.2265625 0.755859375 0.201171875 0.357421875
2 0.3232421875 0.7646484375 0.150390625 0.251953125
2 0.49609375 0.8427734375 0.185546875 0.197265625
2 0.427734375 0.486328125 0.1484375 0.189453125
2 0.7783203125 0.8701171875 0.189453125 0.201171875
2 0.84375 0.822265625 0.16015625 0.265625
2 0.7255859375 0.7265625 0.201171875 0.23046875
2 0.7763671875 0.5625 0.23828125 0.271484375
2 0.6640625 0.5029296875 0.234375 0.1953125
2 0.6630859375 0.3681640625 0.173828125 0.251953125
2 0.80078125 0.3828125 0.26171875 0.232421875