2 0.138671875 0.5634765625 0.208984375 0.248046875
2 0.361328125 0.8740234375 0.154296875 0.208984375
2 0.5537109375 0.873046875 0.21484375 0.232421875
2 0.4052734375 0.7236328125 0.16796875 0.17578125
2 0.6669921875 0.650390625 0.224609375 0.232421875
2 0.484375 0.634765625 0.205078125 0.22265625
2 0.845703125 0.4755859375 0.185546875 0.228515625
2 0.697265625 0.4404296875 0.146484375 0.16015625
2 0.6025390625 0.4521484375 0.173828125 0.140625
2 0.505859375 0.4248046875 0.16015625 0.13671875
2 0.3603515625 0.41796875 0.158203125 0.126953125
2 0.3876953125 0.3408203125 0.16015625 0.142578125
2 0.25390625 0.3017578125 0.189453125 0.15234375
2 0.4970703125 0.287109375 0.14453125 0.1640625
2 0.6318359375 0.2177734375 0.21484375 0.20703125
2 0.509765625 0.1884765625 0.134765625 0.1484375
2 0.4599609375 0.1328125 0.125 0.13671875
2 0.4150390625 0.109375 0.158203125 0.12890625